total_time: 2.2480442840605974
num_samples: 100000
samples_per_second: 44483.109478329316
generation_time:
    mean: 2.6845683027059182e-05
    std: 7.835188538756784e-05
    min: 1.792795956134796e-05
    max: 0.007095780223608017
