total_time: 3.920372902415693
num_samples: 50000
samples_per_second: 12753.888786750496
generation_time:
    mean: 7.689429651945756e-06
    std: 8.30974778469566e-06
    min: 5.829613655805588e-06
    max: 0.0006892289966344833
