total_time: 12.777305874973536
num_samples: 100000
samples_per_second: 7826.375996513202
generation_time:
    mean: 0.002540867587067188
    std: 0.0015262082241346332
    min: 0.0004938244819641113
    max: 0.04085598327219486
