total_time: 2.304457150399685
num_samples: 10000
samples_per_second: 4339.416768181435
generation_time:
    mean: 0.0001818517331033953
    std: 7.970644214307946e-05
    min: 0.00010219961404800415
    max: 0.001029040664434433
