total_time: 18.49342318251729
num_samples: 100000
samples_per_second: 5407.327730137855
generation_time:
    mean: 0.0006304148741625294
    std: 0.0001850197852142273
    min: 0.0004240814596414566
    max: 0.008636578917503357
problem_stats:
    num_terms:
        mean: 5.171370000000017
        std: 2.3886486395240367
        min: 1.0
        max: 13.0
    max_degree:
        mean: 7.499890000000004
        std: 1.9324181710747896
        min: 3.0
        max: 12.0
    min_degree:
        mean: 7.499890000000004
        std: 1.9324181710747896
        min: 3.0
        max: 12.0
answer_stats:
    num_distinct_factors:
        mean: 4.351160000000015
        std: 0.8650009563000428
        min: 1.0
        max: 9.0
    total_factors:
        mean: 7.242989999999942
        std: 2.513986050060732
        min: 3.0
        max: 20.0
