total_time: 4.165404298808426
num_samples: 50000
samples_per_second: 12003.636721242936
generation_time:
    mean: 1.055755074135955e-05
    std: 8.82058826344311e-06
    min: 7.910188287496567e-06
    max: 0.0009375829249620438
