total_time: 11.86114663630724
num_samples: 100000
samples_per_second: 8430.888097605819
generation_time:
    mean: 0.00037524950817227506
    std: 0.0002066934353604073
    min: 0.0003164634108543396
    max: 0.011451676487922668
problem_stats:
    num_terms:
        mean: 2.126769999999981
        std: 1.012531168458533
        min: 1.0
        max: 4.0
    max_degree:
        mean: 2.49660999999999
        std: 1.1172951749202165
        min: 1.0
        max: 4.0
    min_degree:
        mean: 2.49660999999999
        std: 1.1172951749202165
        min: 1.0
        max: 4.0
answer_stats:
    num_distinct_factors:
        mean: 1.2139700000000127
        std: 0.4227136608864196
        min: 1.0
        max: 4.0
    total_factors:
        mean: 1.6849100000000183
        std: 0.9552425304078495
        min: 1.0
        max: 4.0
