total_time: 3.8711503013037145
num_samples: 50000
samples_per_second: 12916.05753028012
generation_time:
    mean: 8.803129699081196e-06
    std: 1.3070206186342151e-05
    min: 6.540212780237198e-06
    max: 0.0019311360083520412
